"x"
1292582
947933
1254720
1973862
2002629
1491157
1310420
1208216
982958
1045169
1320324
1601078
1629805
1874187
1371155
1091368
1103957
1428106
1388343
1392645
1455084
1418032
1025194
1044757
1393122
1362865
1224772
1264240
1051907
747618.950033
717318.8356
954423
885198
795317.955658
652025.964631
497419.706908
618705
476895.756157
459055.574549
537885.843977
588911
567412
492733
511449.987344
544255
589834.682368
802806
991771
1020805
1028959
802838.887615
907096
1309346
1332588
1305900
1280921
1206449
937899
984363
1390835
1435734
1401972
1427291
1300265
1045388
1060182
1401670
1441565
1403674
